0.774883 0 1.54977 0.447379 1.54977 1.34214 0.774883 1.78952 0 1.34214 0 0.447379 0
2.32465 0 3.09953 0.447379 3.09953 1.34214 2.32465 1.78952 1.54977 1.34214 1.54977 0.447379 1
3.87442 0 4.6493 0.447379 4.6493 1.34214 3.87442 1.78952 3.09953 1.34214 3.09953 0.447379 0
5.42418 0 6.19907 0.447379 6.19907 1.34214 5.42418 1.78952 4.6493 1.34214 4.6493 0.447379 0
6.97395 0 7.74883 0.447379 7.74883 1.34214 6.97395 1.78952 6.19907 1.34214 6.19907 0.447379 1
8.52372 0 9.2986 0.447379 9.2986 1.34214 8.52372 1.78952 7.74883 1.34214 7.74883 0.447379 1
10.0735 0 10.8484 0.447379 10.8484 1.34214 10.0735 1.78952 9.2986 1.34214 9.2986 0.447379 0
11.6233 0 12.3981 0.447379 12.3981 1.34214 11.6233 1.78952 10.8484 1.34214 10.8484 0.447379 1
13.173 0 13.9479 0.447379 13.9479 1.34214 13.173 1.78952 12.3981 1.34214 12.3981 0.447379 0
14.7228 0 15.4977 0.447379 15.4977 1.34214 14.7228 1.78952 13.9479 1.34214 13.9479 0.447379 1
16.2726 0 17.0474 0.447379 17.0474 1.34214 16.2726 1.78952 15.4977 1.34214 15.4977 0.447379 1
17.8223 0 18.5972 0.447379 18.5972 1.34214 17.8223 1.78952 17.0474 1.34214 17.0474 0.447379 1
19.3721 0 20.147 0.447379 20.147 1.34214 19.3721 1.78952 18.5972 1.34214 18.5972 0.447379 1
20.9219 0 21.6967 0.447379 21.6967 1.34214 20.9219 1.78952 20.147 1.34214 20.147 0.447379 0
22.4716 0 23.2465 0.447379 23.2465 1.34214 22.4716 1.78952 21.6967 1.34214 21.6967 0.447379 1
24.0214 0 24.7963 0.447379 24.7963 1.34214 24.0214 1.78952 23.2465 1.34214 23.2465 0.447379 0
25.5712 0 26.346 0.447379 26.346 1.34214 25.5712 1.78952 24.7963 1.34214 24.7963 0.447379 1
27.1209 0 27.8958 0.447379 27.8958 1.34214 27.1209 1.78952 26.346 1.34214 26.346 0.447379 1
28.6707 0 29.4456 0.447379 29.4456 1.34214 28.6707 1.78952 27.8958 1.34214 27.8958 0.447379 0
30.2205 0 30.9953 0.447379 30.9953 1.34214 30.2205 1.78952 29.4456 1.34214 29.4456 0.447379 0
31.7702 0 32.5451 0.447379 32.5451 1.34214 31.7702 1.78952 30.9953 1.34214 30.9953 0.447379 0
33.32 0 34.0949 0.447379 34.0949 1.34214 33.32 1.78952 32.5451 1.34214 32.5451 0.447379 1
34.8698 0 35.6446 0.447379 35.6446 1.34214 34.8698 1.78952 34.0949 1.34214 34.0949 0.447379 1
36.4195 0 0 0.447379 0 1.34214 36.4195 1.78952 35.6446 1.34214 35.6446 0.447379 0
1.54977 1.34214 2.32465 1.78952 2.32465 2.68427 1.54977 3.13165 0.774883 2.68427 0.774883 1.78952 1
3.09953 1.34214 3.87442 1.78952 3.87442 2.68427 3.09953 3.13165 2.32465 2.68427 2.32465 1.78952 0
4.6493 1.34214 5.42418 1.78952 5.42418 2.68427 4.6493 3.13165 3.87442 2.68427 3.87442 1.78952 1
6.19907 1.34214 6.97395 1.78952 6.97395 2.68427 6.19907 3.13165 5.42418 2.68427 5.42418 1.78952 1
7.74883 1.34214 8.52372 1.78952 8.52372 2.68427 7.74883 3.13165 6.97395 2.68427 6.97395 1.78952 0
9.2986 1.34214 10.0735 1.78952 10.0735 2.68427 9.2986 3.13165 8.52372 2.68427 8.52372 1.78952 0
10.8484 1.34214 11.6233 1.78952 11.6233 2.68427 10.8484 3.13165 10.0735 2.68427 10.0735 1.78952 1
12.3981 1.34214 13.173 1.78952 13.173 2.68427 12.3981 3.13165 11.6233 2.68427 11.6233 1.78952 1
13.9479 1.34214 14.7228 1.78952 14.7228 2.68427 13.9479 3.13165 13.173 2.68427 13.173 1.78952 1
15.4977 1.34214 16.2726 1.78952 16.2726 2.68427 15.4977 3.13165 14.7228 2.68427 14.7228 1.78952 1
17.0474 1.34214 17.8223 1.78952 17.8223 2.68427 17.0474 3.13165 16.2726 2.68427 16.2726 1.78952 1
18.5972 1.34214 19.3721 1.78952 19.3721 2.68427 18.5972 3.13165 17.8223 2.68427 17.8223 1.78952 0
20.147 1.34214 20.9219 1.78952 20.9219 2.68427 20.147 3.13165 19.3721 2.68427 19.3721 1.78952 1
21.6967 1.34214 22.4716 1.78952 22.4716 2.68427 21.6967 3.13165 20.9219 2.68427 20.9219 1.78952 1
23.2465 1.34214 24.0214 1.78952 24.0214 2.68427 23.2465 3.13165 22.4716 2.68427 22.4716 1.78952 0
24.7963 1.34214 25.5712 1.78952 25.5712 2.68427 24.7963 3.13165 24.0214 2.68427 24.0214 1.78952 0
26.346 1.34214 27.1209 1.78952 27.1209 2.68427 26.346 3.13165 25.5712 2.68427 25.5712 1.78952 0
27.8958 1.34214 28.6707 1.78952 28.6707 2.68427 27.8958 3.13165 27.1209 2.68427 27.1209 1.78952 0
29.4456 1.34214 30.2205 1.78952 30.2205 2.68427 29.4456 3.13165 28.6707 2.68427 28.6707 1.78952 1
30.9953 1.34214 31.7702 1.78952 31.7702 2.68427 30.9953 3.13165 30.2205 2.68427 30.2205 1.78952 1
32.5451 1.34214 33.32 1.78952 33.32 2.68427 32.5451 3.13165 31.7702 2.68427 31.7702 1.78952 0
34.0949 1.34214 34.8698 1.78952 34.8698 2.68427 34.0949 3.13165 33.32 2.68427 33.32 1.78952 0
35.6446 1.34214 36.4195 1.78952 36.4195 2.68427 35.6446 3.13165 34.8698 2.68427 34.8698 1.78952 0
0 1.34214 0.774883 1.78952 0.774883 2.68427 0 3.13165 36.4195 2.68427 36.4195 1.78952 0
0.774883 2.68427 1.54977 3.13165 1.54977 4.02641 0.774883 4.47379 0 4.02641 0 3.13165 1
2.32465 2.68427 3.09953 3.13165 3.09953 4.02641 2.32465 4.47379 1.54977 4.02641 1.54977 3.13165 0
3.87442 2.68427 4.6493 3.13165 4.6493 4.02641 3.87442 4.47379 3.09953 4.02641 3.09953 3.13165 1
5.42418 2.68427 6.19907 3.13165 6.19907 4.02641 5.42418 4.47379 4.6493 4.02641 4.6493 3.13165 0
6.97395 2.68427 7.74883 3.13165 7.74883 4.02641 6.97395 4.47379 6.19907 4.02641 6.19907 3.13165 0
8.52372 2.68427 9.2986 3.13165 9.2986 4.02641 8.52372 4.47379 7.74883 4.02641 7.74883 3.13165 0
10.0735 2.68427 10.8484 3.13165 10.8484 4.02641 10.0735 4.47379 9.2986 4.02641 9.2986 3.13165 1
11.6233 2.68427 12.3981 3.13165 12.3981 4.02641 11.6233 4.47379 10.8484 4.02641 10.8484 3.13165 0
13.173 2.68427 13.9479 3.13165 13.9479 4.02641 13.173 4.47379 12.3981 4.02641 12.3981 3.13165 0
14.7228 2.68427 15.4977 3.13165 15.4977 4.02641 14.7228 4.47379 13.9479 4.02641 13.9479 3.13165 0
16.2726 2.68427 17.0474 3.13165 17.0474 4.02641 16.2726 4.47379 15.4977 4.02641 15.4977 3.13165 0
17.8223 2.68427 18.5972 3.13165 18.5972 4.02641 17.8223 4.47379 17.0474 4.02641 17.0474 3.13165 1
19.3721 2.68427 20.147 3.13165 20.147 4.02641 19.3721 4.47379 18.5972 4.02641 18.5972 3.13165 1
20.9219 2.68427 21.6967 3.13165 21.6967 4.02641 20.9219 4.47379 20.147 4.02641 20.147 3.13165 1
22.4716 2.68427 23.2465 3.13165 23.2465 4.02641 22.4716 4.47379 21.6967 4.02641 21.6967 3.13165 0
24.0214 2.68427 24.7963 3.13165 24.7963 4.02641 24.0214 4.47379 23.2465 4.02641 23.2465 3.13165 1
25.5712 2.68427 26.346 3.13165 26.346 4.02641 25.5712 4.47379 24.7963 4.02641 24.7963 3.13165 1
27.1209 2.68427 27.8958 3.13165 27.8958 4.02641 27.1209 4.47379 26.346 4.02641 26.346 3.13165 1
28.6707 2.68427 29.4456 3.13165 29.4456 4.02641 28.6707 4.47379 27.8958 4.02641 27.8958 3.13165 0
30.2205 2.68427 30.9953 3.13165 30.9953 4.02641 30.2205 4.47379 29.4456 4.02641 29.4456 3.13165 0
31.7702 2.68427 32.5451 3.13165 32.5451 4.02641 31.7702 4.47379 30.9953 4.02641 30.9953 3.13165 1
33.32 2.68427 34.0949 3.13165 34.0949 4.02641 33.32 4.47379 32.5451 4.02641 32.5451 3.13165 1
34.8698 2.68427 35.6446 3.13165 35.6446 4.02641 34.8698 4.47379 34.0949 4.02641 34.0949 3.13165 0
36.4195 2.68427 0 3.13165 0 4.02641 36.4195 4.47379 35.6446 4.02641 35.6446 3.13165 1
1.54977 4.02641 2.32465 4.47379 2.32465 5.36855 1.54977 5.81593 0.774883 5.36855 0.774883 4.47379 0
3.09953 4.02641 3.87442 4.47379 3.87442 5.36855 3.09953 5.81593 2.32465 5.36855 2.32465 4.47379 0
4.6493 4.02641 5.42418 4.47379 5.42418 5.36855 4.6493 5.81593 3.87442 5.36855 3.87442 4.47379 0
6.19907 4.02641 6.97395 4.47379 6.97395 5.36855 6.19907 5.81593 5.42418 5.36855 5.42418 4.47379 1
7.74883 4.02641 8.52372 4.47379 8.52372 5.36855 7.74883 5.81593 6.97395 5.36855 6.97395 4.47379 1
9.2986 4.02641 10.0735 4.47379 10.0735 5.36855 9.2986 5.81593 8.52372 5.36855 8.52372 4.47379 1
10.8484 4.02641 11.6233 4.47379 11.6233 5.36855 10.8484 5.81593 10.0735 5.36855 10.0735 4.47379 0
12.3981 4.02641 13.173 4.47379 13.173 5.36855 12.3981 5.81593 11.6233 5.36855 11.6233 4.47379 0
13.9479 4.02641 14.7228 4.47379 14.7228 5.36855 13.9479 5.81593 13.173 5.36855 13.173 4.47379 0
15.4977 4.02641 16.2726 4.47379 16.2726 5.36855 15.4977 5.81593 14.7228 5.36855 14.7228 4.47379 1
17.0474 4.02641 17.8223 4.47379 17.8223 5.36855 17.0474 5.81593 16.2726 5.36855 16.2726 4.47379 1
18.5972 4.02641 19.3721 4.47379 19.3721 5.36855 18.5972 5.81593 17.8223 5.36855 17.8223 4.47379 0
20.147 4.02641 20.9219 4.47379 20.9219 5.36855 20.147 5.81593 19.3721 5.36855 19.3721 4.47379 0
21.6967 4.02641 22.4716 4.47379 22.4716 5.36855 21.6967 5.81593 20.9219 5.36855 20.9219 4.47379 0
23.2465 4.02641 24.0214 4.47379 24.0214 5.36855 23.2465 5.81593 22.4716 5.36855 22.4716 4.47379 0
24.7963 4.02641 25.5712 4.47379 25.5712 5.36855 24.7963 5.81593 24.0214 5.36855 24.0214 4.47379 0
26.346 4.02641 27.1209 4.47379 27.1209 5.36855 26.346 5.81593 25.5712 5.36855 25.5712 4.47379 1
27.8958 4.02641 28.6707 4.47379 28.6707 5.36855 27.8958 5.81593 27.1209 5.36855 27.1209 4.47379 1
29.4456 4.02641 30.2205 4.47379 30.2205 5.36855 29.4456 5.81593 28.6707 5.36855 28.6707 4.47379 0
30.9953 4.02641 31.7702 4.47379 31.7702 5.36855 30.9953 5.81593 30.2205 5.36855 30.2205 4.47379 0
32.5451 4.02641 33.32 4.47379 33.32 5.36855 32.5451 5.81593 31.7702 5.36855 31.7702 4.47379 1
34.0949 4.02641 34.8698 4.47379 34.8698 5.36855 34.0949 5.81593 33.32 5.36855 33.32 4.47379 0
35.6446 4.02641 36.4195 4.47379 36.4195 5.36855 35.6446 5.81593 34.8698 5.36855 34.8698 4.47379 0
0 4.02641 0.774883 4.47379 0.774883 5.36855 0 5.81593 36.4195 5.36855 36.4195 4.47379 1
0.774883 5.36855 1.54977 5.81593 1.54977 6.71069 0.774883 7.15807 0 6.71069 0 5.81593 0
2.32465 5.36855 3.09953 5.81593 3.09953 6.71069 2.32465 7.15807 1.54977 6.71069 1.54977 5.81593 1
3.87442 5.36855 4.6493 5.81593 4.6493 6.71069 3.87442 7.15807 3.09953 6.71069 3.09953 5.81593 1
5.42418 5.36855 6.19907 5.81593 6.19907 6.71069 5.42418 7.15807 4.6493 6.71069 4.6493 5.81593 0
6.97395 5.36855 7.74883 5.81593 7.74883 6.71069 6.97395 7.15807 6.19907 6.71069 6.19907 5.81593 1
8.52372 5.36855 9.2986 5.81593 9.2986 6.71069 8.52372 7.15807 7.74883 6.71069 7.74883 5.81593 1
10.0735 5.36855 10.8484 5.81593 10.8484 6.71069 10.0735 7.15807 9.2986 6.71069 9.2986 5.81593 0
11.6233 5.36855 12.3981 5.81593 12.3981 6.71069 11.6233 7.15807 10.8484 6.71069 10.8484 5.81593 1
13.173 5.36855 13.9479 5.81593 13.9479 6.71069 13.173 7.15807 12.3981 6.71069 12.3981 5.81593 1
14.7228 5.36855 15.4977 5.81593 15.4977 6.71069 14.7228 7.15807 13.9479 6.71069 13.9479 5.81593 1
16.2726 5.36855 17.0474 5.81593 17.0474 6.71069 16.2726 7.15807 15.4977 6.71069 15.4977 5.81593 1
17.8223 5.36855 18.5972 5.81593 18.5972 6.71069 17.8223 7.15807 17.0474 6.71069 17.0474 5.81593 1
19.3721 5.36855 20.147 5.81593 20.147 6.71069 19.3721 7.15807 18.5972 6.71069 18.5972 5.81593 1
20.9219 5.36855 21.6967 5.81593 21.6967 6.71069 20.9219 7.15807 20.147 6.71069 20.147 5.81593 0
22.4716 5.36855 23.2465 5.81593 23.2465 6.71069 22.4716 7.15807 21.6967 6.71069 21.6967 5.81593 0
24.0214 5.36855 24.7963 5.81593 24.7963 6.71069 24.0214 7.15807 23.2465 6.71069 23.2465 5.81593 0
25.5712 5.36855 26.346 5.81593 26.346 6.71069 25.5712 7.15807 24.7963 6.71069 24.7963 5.81593 0
27.1209 5.36855 27.8958 5.81593 27.8958 6.71069 27.1209 7.15807 26.346 6.71069 26.346 5.81593 1
28.6707 5.36855 29.4456 5.81593 29.4456 6.71069 28.6707 7.15807 27.8958 6.71069 27.8958 5.81593 0
30.2205 5.36855 30.9953 5.81593 30.9953 6.71069 30.2205 7.15807 29.4456 6.71069 29.4456 5.81593 0
31.7702 5.36855 32.5451 5.81593 32.5451 6.71069 31.7702 7.15807 30.9953 6.71069 30.9953 5.81593 1
33.32 5.36855 34.0949 5.81593 34.0949 6.71069 33.32 7.15807 32.5451 6.71069 32.5451 5.81593 1
34.8698 5.36855 35.6446 5.81593 35.6446 6.71069 34.8698 7.15807 34.0949 6.71069 34.0949 5.81593 1
36.4195 5.36855 0 5.81593 0 6.71069 36.4195 7.15807 35.6446 6.71069 35.6446 5.81593 1
1.54977 6.71069 2.32465 7.15807 2.32465 8.05282 1.54977 8.5002 0.774883 8.05282 0.774883 7.15807 1
3.09953 6.71069 3.87442 7.15807 3.87442 8.05282 3.09953 8.5002 2.32465 8.05282 2.32465 7.15807 1
4.6493 6.71069 5.42418 7.15807 5.42418 8.05282 4.6493 8.5002 3.87442 8.05282 3.87442 7.15807 0
6.19907 6.71069 6.97395 7.15807 6.97395 8.05282 6.19907 8.5002 5.42418 8.05282 5.42418 7.15807 1
7.74883 6.71069 8.52372 7.15807 8.52372 8.05282 7.74883 8.5002 6.97395 8.05282 6.97395 7.15807 1
9.2986 6.71069 10.0735 7.15807 10.0735 8.05282 9.2986 8.5002 8.52372 8.05282 8.52372 7.15807 1
10.8484 6.71069 11.6233 7.15807 11.6233 8.05282 10.8484 8.5002 10.0735 8.05282 10.0735 7.15807 1
12.3981 6.71069 13.173 7.15807 13.173 8.05282 12.3981 8.5002 11.6233 8.05282 11.6233 7.15807 1
13.9479 6.71069 14.7228 7.15807 14.7228 8.05282 13.9479 8.5002 13.173 8.05282 13.173 7.15807 1
15.4977 6.71069 16.2726 7.15807 16.2726 8.05282 15.4977 8.5002 14.7228 8.05282 14.7228 7.15807 1
17.0474 6.71069 17.8223 7.15807 17.8223 8.05282 17.0474 8.5002 16.2726 8.05282 16.2726 7.15807 1
18.5972 6.71069 19.3721 7.15807 19.3721 8.05282 18.5972 8.5002 17.8223 8.05282 17.8223 7.15807 0
20.147 6.71069 20.9219 7.15807 20.9219 8.05282 20.147 8.5002 19.3721 8.05282 19.3721 7.15807 1
21.6967 6.71069 22.4716 7.15807 22.4716 8.05282 21.6967 8.5002 20.9219 8.05282 20.9219 7.15807 1
23.2465 6.71069 24.0214 7.15807 24.0214 8.05282 23.2465 8.5002 22.4716 8.05282 22.4716 7.15807 0
24.7963 6.71069 25.5712 7.15807 25.5712 8.05282 24.7963 8.5002 24.0214 8.05282 24.0214 7.15807 0
26.346 6.71069 27.1209 7.15807 27.1209 8.05282 26.346 8.5002 25.5712 8.05282 25.5712 7.15807 1
27.8958 6.71069 28.6707 7.15807 28.6707 8.05282 27.8958 8.5002 27.1209 8.05282 27.1209 7.15807 1
29.4456 6.71069 30.2205 7.15807 30.2205 8.05282 29.4456 8.5002 28.6707 8.05282 28.6707 7.15807 0
30.9953 6.71069 31.7702 7.15807 31.7702 8.05282 30.9953 8.5002 30.2205 8.05282 30.2205 7.15807 0
32.5451 6.71069 33.32 7.15807 33.32 8.05282 32.5451 8.5002 31.7702 8.05282 31.7702 7.15807 0
34.0949 6.71069 34.8698 7.15807 34.8698 8.05282 34.0949 8.5002 33.32 8.05282 33.32 7.15807 1
35.6446 6.71069 36.4195 7.15807 36.4195 8.05282 35.6446 8.5002 34.8698 8.05282 34.8698 7.15807 0
0 6.71069 0.774883 7.15807 0.774883 8.05282 0 8.5002 36.4195 8.05282 36.4195 7.15807 1
0.774883 8.05282 1.54977 8.5002 1.54977 9.39496 0.774883 9.84234 0 9.39496 0 8.5002 1
2.32465 8.05282 3.09953 8.5002 3.09953 9.39496 2.32465 9.84234 1.54977 9.39496 1.54977 8.5002 1
3.87442 8.05282 4.6493 8.5002 4.6493 9.39496 3.87442 9.84234 3.09953 9.39496 3.09953 8.5002 0
5.42418 8.05282 6.19907 8.5002 6.19907 9.39496 5.42418 9.84234 4.6493 9.39496 4.6493 8.5002 0
6.97395 8.05282 7.74883 8.5002 7.74883 9.39496 6.97395 9.84234 6.19907 9.39496 6.19907 8.5002 0
8.52372 8.05282 9.2986 8.5002 9.2986 9.39496 8.52372 9.84234 7.74883 9.39496 7.74883 8.5002 0
10.0735 8.05282 10.8484 8.5002 10.8484 9.39496 10.0735 9.84234 9.2986 9.39496 9.2986 8.5002 0
11.6233 8.05282 12.3981 8.5002 12.3981 9.39496 11.6233 9.84234 10.8484 9.39496 10.8484 8.5002 0
13.173 8.05282 13.9479 8.5002 13.9479 9.39496 13.173 9.84234 12.3981 9.39496 12.3981 8.5002 0
14.7228 8.05282 15.4977 8.5002 15.4977 9.39496 14.7228 9.84234 13.9479 9.39496 13.9479 8.5002 1
16.2726 8.05282 17.0474 8.5002 17.0474 9.39496 16.2726 9.84234 15.4977 9.39496 15.4977 8.5002 0
17.8223 8.05282 18.5972 8.5002 18.5972 9.39496 17.8223 9.84234 17.0474 9.39496 17.0474 8.5002 0
19.3721 8.05282 20.147 8.5002 20.147 9.39496 19.3721 9.84234 18.5972 9.39496 18.5972 8.5002 0
20.9219 8.05282 21.6967 8.5002 21.6967 9.39496 20.9219 9.84234 20.147 9.39496 20.147 8.5002 0
22.4716 8.05282 23.2465 8.5002 23.2465 9.39496 22.4716 9.84234 21.6967 9.39496 21.6967 8.5002 0
24.0214 8.05282 24.7963 8.5002 24.7963 9.39496 24.0214 9.84234 23.2465 9.39496 23.2465 8.5002 0
25.5712 8.05282 26.346 8.5002 26.346 9.39496 25.5712 9.84234 24.7963 9.39496 24.7963 8.5002 0
27.1209 8.05282 27.8958 8.5002 27.8958 9.39496 27.1209 9.84234 26.346 9.39496 26.346 8.5002 0
28.6707 8.05282 29.4456 8.5002 29.4456 9.39496 28.6707 9.84234 27.8958 9.39496 27.8958 8.5002 1
30.2205 8.05282 30.9953 8.5002 30.9953 9.39496 30.2205 9.84234 29.4456 9.39496 29.4456 8.5002 1
31.7702 8.05282 32.5451 8.5002 32.5451 9.39496 31.7702 9.84234 30.9953 9.39496 30.9953 8.5002 1
33.32 8.05282 34.0949 8.5002 34.0949 9.39496 33.32 9.84234 32.5451 9.39496 32.5451 8.5002 1
34.8698 8.05282 35.6446 8.5002 35.6446 9.39496 34.8698 9.84234 34.0949 9.39496 34.0949 8.5002 0
36.4195 8.05282 0 8.5002 0 9.39496 36.4195 9.84234 35.6446 9.39496 35.6446 8.5002 0
1.54977 9.39496 2.32465 9.84234 2.32465 10.7371 1.54977 11.1845 0.774883 10.7371 0.774883 9.84234 1
3.09953 9.39496 3.87442 9.84234 3.87442 10.7371 3.09953 11.1845 2.32465 10.7371 2.32465 9.84234 0
4.6493 9.39496 5.42418 9.84234 5.42418 10.7371 4.6493 11.1845 3.87442 10.7371 3.87442 9.84234 0
6.19907 9.39496 6.97395 9.84234 6.97395 10.7371 6.19907 11.1845 5.42418 10.7371 5.42418 9.84234 0
7.74883 9.39496 8.52372 9.84234 8.52372 10.7371 7.74883 11.1845 6.97395 10.7371 6.97395 9.84234 0
9.2986 9.39496 10.0735 9.84234 10.0735 10.7371 9.2986 11.1845 8.52372 10.7371 8.52372 9.84234 1
10.8484 9.39496 11.6233 9.84234 11.6233 10.7371 10.8484 11.1845 10.0735 10.7371 10.0735 9.84234 0
12.3981 9.39496 13.173 9.84234 13.173 10.7371 12.3981 11.1845 11.6233 10.7371 11.6233 9.84234 0
13.9479 9.39496 14.7228 9.84234 14.7228 10.7371 13.9479 11.1845 13.173 10.7371 13.173 9.84234 1
15.4977 9.39496 16.2726 9.84234 16.2726 10.7371 15.4977 11.1845 14.7228 10.7371 14.7228 9.84234 1
17.0474 9.39496 17.8223 9.84234 17.8223 10.7371 17.0474 11.1845 16.2726 10.7371 16.2726 9.84234 0
18.5972 9.39496 19.3721 9.84234 19.3721 10.7371 18.5972 11.1845 17.8223 10.7371 17.8223 9.84234 1
20.147 9.39496 20.9219 9.84234 20.9219 10.7371 20.147 11.1845 19.3721 10.7371 19.3721 9.84234 1
21.6967 9.39496 22.4716 9.84234 22.4716 10.7371 21.6967 11.1845 20.9219 10.7371 20.9219 9.84234 0
23.2465 9.39496 24.0214 9.84234 24.0214 10.7371 23.2465 11.1845 22.4716 10.7371 22.4716 9.84234 1
24.7963 9.39496 25.5712 9.84234 25.5712 10.7371 24.7963 11.1845 24.0214 10.7371 24.0214 9.84234 1
26.346 9.39496 27.1209 9.84234 27.1209 10.7371 26.346 11.1845 25.5712 10.7371 25.5712 9.84234 0
27.8958 9.39496 28.6707 9.84234 28.6707 10.7371 27.8958 11.1845 27.1209 10.7371 27.1209 9.84234 1
29.4456 9.39496 30.2205 9.84234 30.2205 10.7371 29.4456 11.1845 28.6707 10.7371 28.6707 9.84234 0
30.9953 9.39496 31.7702 9.84234 31.7702 10.7371 30.9953 11.1845 30.2205 10.7371 30.2205 9.84234 0
32.5451 9.39496 33.32 9.84234 33.32 10.7371 32.5451 11.1845 31.7702 10.7371 31.7702 9.84234 0
34.0949 9.39496 34.8698 9.84234 34.8698 10.7371 34.0949 11.1845 33.32 10.7371 33.32 9.84234 0
35.6446 9.39496 36.4195 9.84234 36.4195 10.7371 35.6446 11.1845 34.8698 10.7371 34.8698 9.84234 0
0 9.39496 0.774883 9.84234 0.774883 10.7371 0 11.1845 36.4195 10.7371 36.4195 9.84234 1
0.774883 10.7371 1.54977 11.1845 1.54977 12.0792 0.774883 12.5266 0 12.0792 0 11.1845 0
2.32465 10.7371 3.09953 11.1845 3.09953 12.0792 2.32465 12.5266 1.54977 12.0792 1.54977 11.1845 1
3.87442 10.7371 4.6493 11.1845 4.6493 12.0792 3.87442 12.5266 3.09953 12.0792 3.09953 11.1845 1
5.42418 10.7371 6.19907 11.1845 6.19907 12.0792 5.42418 12.5266 4.6493 12.0792 4.6493 11.1845 0
6.97395 10.7371 7.74883 11.1845 7.74883 12.0792 6.97395 12.5266 6.19907 12.0792 6.19907 11.1845 0
8.52372 10.7371 9.2986 11.1845 9.2986 12.0792 8.52372 12.5266 7.74883 12.0792 7.74883 11.1845 0
10.0735 10.7371 10.8484 11.1845 10.8484 12.0792 10.0735 12.5266 9.2986 12.0792 9.2986 11.1845 0
11.6233 10.7371 12.3981 11.1845 12.3981 12.0792 11.6233 12.5266 10.8484 12.0792 10.8484 11.1845 0
13.173 10.7371 13.9479 11.1845 13.9479 12.0792 13.173 12.5266 12.3981 12.0792 12.3981 11.1845 1
14.7228 10.7371 15.4977 11.1845 15.4977 12.0792 14.7228 12.5266 13.9479 12.0792 13.9479 11.1845 0
16.2726 10.7371 17.0474 11.1845 17.0474 12.0792 16.2726 12.5266 15.4977 12.0792 15.4977 11.1845 0
17.8223 10.7371 18.5972 11.1845 18.5972 12.0792 17.8223 12.5266 17.0474 12.0792 17.0474 11.1845 0
19.3721 10.7371 20.147 11.1845 20.147 12.0792 19.3721 12.5266 18.5972 12.0792 18.5972 11.1845 1
20.9219 10.7371 21.6967 11.1845 21.6967 12.0792 20.9219 12.5266 20.147 12.0792 20.147 11.1845 0
22.4716 10.7371 23.2465 11.1845 23.2465 12.0792 22.4716 12.5266 21.6967 12.0792 21.6967 11.1845 0
24.0214 10.7371 24.7963 11.1845 24.7963 12.0792 24.0214 12.5266 23.2465 12.0792 23.2465 11.1845 1
25.5712 10.7371 26.346 11.1845 26.346 12.0792 25.5712 12.5266 24.7963 12.0792 24.7963 11.1845 1
27.1209 10.7371 27.8958 11.1845 27.8958 12.0792 27.1209 12.5266 26.346 12.0792 26.346 11.1845 1
28.6707 10.7371 29.4456 11.1845 29.4456 12.0792 28.6707 12.5266 27.8958 12.0792 27.8958 11.1845 1
30.2205 10.7371 30.9953 11.1845 30.9953 12.0792 30.2205 12.5266 29.4456 12.0792 29.4456 11.1845 0
31.7702 10.7371 32.5451 11.1845 32.5451 12.0792 31.7702 12.5266 30.9953 12.0792 30.9953 11.1845 1
33.32 10.7371 34.0949 11.1845 34.0949 12.0792 33.32 12.5266 32.5451 12.0792 32.5451 11.1845 0
34.8698 10.7371 35.6446 11.1845 35.6446 12.0792 34.8698 12.5266 34.0949 12.0792 34.0949 11.1845 0
36.4195 10.7371 0 11.1845 0 12.0792 36.4195 12.5266 35.6446 12.0792 35.6446 11.1845 1
1.54977 12.0792 2.32465 12.5266 2.32465 13.4214 1.54977 13.8688 0.774883 13.4214 0.774883 12.5266 1
3.09953 12.0792 3.87442 12.5266 3.87442 13.4214 3.09953 13.8688 2.32465 13.4214 2.32465 12.5266 0
4.6493 12.0792 5.42418 12.5266 5.42418 13.4214 4.6493 13.8688 3.87442 13.4214 3.87442 12.5266 1
6.19907 12.0792 6.97395 12.5266 6.97395 13.4214 6.19907 13.8688 5.42418 13.4214 5.42418 12.5266 1
7.74883 12.0792 8.52372 12.5266 8.52372 13.4214 7.74883 13.8688 6.97395 13.4214 6.97395 12.5266 1
9.2986 12.0792 10.0735 12.5266 10.0735 13.4214 9.2986 13.8688 8.52372 13.4214 8.52372 12.5266 1
10.8484 12.0792 11.6233 12.5266 11.6233 13.4214 10.8484 13.8688 10.0735 13.4214 10.0735 12.5266 1
12.3981 12.0792 13.173 12.5266 13.173 13.4214 12.3981 13.8688 11.6233 13.4214 11.6233 12.5266 0
13.9479 12.0792 14.7228 12.5266 14.7228 13.4214 13.9479 13.8688 13.173 13.4214 13.173 12.5266 0
15.4977 12.0792 16.2726 12.5266 16.2726 13.4214 15.4977 13.8688 14.7228 13.4214 14.7228 12.5266 0
17.0474 12.0792 17.8223 12.5266 17.8223 13.4214 17.0474 13.8688 16.2726 13.4214 16.2726 12.5266 0
18.5972 12.0792 19.3721 12.5266 19.3721 13.4214 18.5972 13.8688 17.8223 13.4214 17.8223 12.5266 1
20.147 12.0792 20.9219 12.5266 20.9219 13.4214 20.147 13.8688 19.3721 13.4214 19.3721 12.5266 0
21.6967 12.0792 22.4716 12.5266 22.4716 13.4214 21.6967 13.8688 20.9219 13.4214 20.9219 12.5266 1
23.2465 12.0792 24.0214 12.5266 24.0214 13.4214 23.2465 13.8688 22.4716 13.4214 22.4716 12.5266 1
24.7963 12.0792 25.5712 12.5266 25.5712 13.4214 24.7963 13.8688 24.0214 13.4214 24.0214 12.5266 1
26.346 12.0792 27.1209 12.5266 27.1209 13.4214 26.346 13.8688 25.5712 13.4214 25.5712 12.5266 0
27.8958 12.0792 28.6707 12.5266 28.6707 13.4214 27.8958 13.8688 27.1209 13.4214 27.1209 12.5266 0
29.4456 12.0792 30.2205 12.5266 30.2205 13.4214 29.4456 13.8688 28.6707 13.4214 28.6707 12.5266 1
30.9953 12.0792 31.7702 12.5266 31.7702 13.4214 30.9953 13.8688 30.2205 13.4214 30.2205 12.5266 1
32.5451 12.0792 33.32 12.5266 33.32 13.4214 32.5451 13.8688 31.7702 13.4214 31.7702 12.5266 0
34.0949 12.0792 34.8698 12.5266 34.8698 13.4214 34.0949 13.8688 33.32 13.4214 33.32 12.5266 1
35.6446 12.0792 36.4195 12.5266 36.4195 13.4214 35.6446 13.8688 34.8698 13.4214 34.8698 12.5266 0
0 12.0792 0.774883 12.5266 0.774883 13.4214 0 13.8688 36.4195 13.4214 36.4195 12.5266 0
0.774883 13.4214 1.54977 13.8688 1.54977 14.7635 0.774883 15.2109 0 14.7635 0 13.8688 1
2.32465 13.4214 3.09953 13.8688 3.09953 14.7635 2.32465 15.2109 1.54977 14.7635 1.54977 13.8688 0
3.87442 13.4214 4.6493 13.8688 4.6493 14.7635 3.87442 15.2109 3.09953 14.7635 3.09953 13.8688 0
5.42418 13.4214 6.19907 13.8688 6.19907 14.7635 5.42418 15.2109 4.6493 14.7635 4.6493 13.8688 1
6.97395 13.4214 7.74883 13.8688 7.74883 14.7635 6.97395 15.2109 6.19907 14.7635 6.19907 13.8688 1
8.52372 13.4214 9.2986 13.8688 9.2986 14.7635 8.52372 15.2109 7.74883 14.7635 7.74883 13.8688 0
10.0735 13.4214 10.8484 13.8688 10.8484 14.7635 10.0735 15.2109 9.2986 14.7635 9.2986 13.8688 1
11.6233 13.4214 12.3981 13.8688 12.3981 14.7635 11.6233 15.2109 10.8484 14.7635 10.8484 13.8688 0
13.173 13.4214 13.9479 13.8688 13.9479 14.7635 13.173 15.2109 12.3981 14.7635 12.3981 13.8688 0
14.7228 13.4214 15.4977 13.8688 15.4977 14.7635 14.7228 15.2109 13.9479 14.7635 13.9479 13.8688 1
16.2726 13.4214 17.0474 13.8688 17.0474 14.7635 16.2726 15.2109 15.4977 14.7635 15.4977 13.8688 1
17.8223 13.4214 18.5972 13.8688 18.5972 14.7635 17.8223 15.2109 17.0474 14.7635 17.0474 13.8688 0
19.3721 13.4214 20.147 13.8688 20.147 14.7635 19.3721 15.2109 18.5972 14.7635 18.5972 13.8688 1
20.9219 13.4214 21.6967 13.8688 21.6967 14.7635 20.9219 15.2109 20.147 14.7635 20.147 13.8688 1
22.4716 13.4214 23.2465 13.8688 23.2465 14.7635 22.4716 15.2109 21.6967 14.7635 21.6967 13.8688 1
24.0214 13.4214 24.7963 13.8688 24.7963 14.7635 24.0214 15.2109 23.2465 14.7635 23.2465 13.8688 1
25.5712 13.4214 26.346 13.8688 26.346 14.7635 25.5712 15.2109 24.7963 14.7635 24.7963 13.8688 0
27.1209 13.4214 27.8958 13.8688 27.8958 14.7635 27.1209 15.2109 26.346 14.7635 26.346 13.8688 1
28.6707 13.4214 29.4456 13.8688 29.4456 14.7635 28.6707 15.2109 27.8958 14.7635 27.8958 13.8688 0
30.2205 13.4214 30.9953 13.8688 30.9953 14.7635 30.2205 15.2109 29.4456 14.7635 29.4456 13.8688 1
31.7702 13.4214 32.5451 13.8688 32.5451 14.7635 31.7702 15.2109 30.9953 14.7635 30.9953 13.8688 1
33.32 13.4214 34.0949 13.8688 34.0949 14.7635 33.32 15.2109 32.5451 14.7635 32.5451 13.8688 0
34.8698 13.4214 35.6446 13.8688 35.6446 14.7635 34.8698 15.2109 34.0949 14.7635 34.0949 13.8688 1
36.4195 13.4214 0 13.8688 0 14.7635 36.4195 15.2109 35.6446 14.7635 35.6446 13.8688 1
1.54977 14.7635 2.32465 15.2109 2.32465 16.1056 1.54977 16.553 0.774883 16.1056 0.774883 15.2109 1
3.09953 14.7635 3.87442 15.2109 3.87442 16.1056 3.09953 16.553 2.32465 16.1056 2.32465 15.2109 1
4.6493 14.7635 5.42418 15.2109 5.42418 16.1056 4.6493 16.553 3.87442 16.1056 3.87442 15.2109 0
6.19907 14.7635 6.97395 15.2109 6.97395 16.1056 6.19907 16.553 5.42418 16.1056 5.42418 15.2109 1
7.74883 14.7635 8.52372 15.2109 8.52372 16.1056 7.74883 16.553 6.97395 16.1056 6.97395 15.2109 1
9.2986 14.7635 10.0735 15.2109 10.0735 16.1056 9.2986 16.553 8.52372 16.1056 8.52372 15.2109 1
10.8484 14.7635 11.6233 15.2109 11.6233 16.1056 10.8484 16.553 10.0735 16.1056 10.0735 15.2109 1
12.3981 14.7635 13.173 15.2109 13.173 16.1056 12.3981 16.553 11.6233 16.1056 11.6233 15.2109 0
13.9479 14.7635 14.7228 15.2109 14.7228 16.1056 13.9479 16.553 13.173 16.1056 13.173 15.2109 1
15.4977 14.7635 16.2726 15.2109 16.2726 16.1056 15.4977 16.553 14.7228 16.1056 14.7228 15.2109 0
17.0474 14.7635 17.8223 15.2109 17.8223 16.1056 17.0474 16.553 16.2726 16.1056 16.2726 15.2109 0
18.5972 14.7635 19.3721 15.2109 19.3721 16.1056 18.5972 16.553 17.8223 16.1056 17.8223 15.2109 0
20.147 14.7635 20.9219 15.2109 20.9219 16.1056 20.147 16.553 19.3721 16.1056 19.3721 15.2109 1
21.6967 14.7635 22.4716 15.2109 22.4716 16.1056 21.6967 16.553 20.9219 16.1056 20.9219 15.2109 1
23.2465 14.7635 24.0214 15.2109 24.0214 16.1056 23.2465 16.553 22.4716 16.1056 22.4716 15.2109 0
24.7963 14.7635 25.5712 15.2109 25.5712 16.1056 24.7963 16.553 24.0214 16.1056 24.0214 15.2109 0
26.346 14.7635 27.1209 15.2109 27.1209 16.1056 26.346 16.553 25.5712 16.1056 25.5712 15.2109 1
27.8958 14.7635 28.6707 15.2109 28.6707 16.1056 27.8958 16.553 27.1209 16.1056 27.1209 15.2109 0
29.4456 14.7635 30.2205 15.2109 30.2205 16.1056 29.4456 16.553 28.6707 16.1056 28.6707 15.2109 0
30.9953 14.7635 31.7702 15.2109 31.7702 16.1056 30.9953 16.553 30.2205 16.1056 30.2205 15.2109 1
32.5451 14.7635 33.32 15.2109 33.32 16.1056 32.5451 16.553 31.7702 16.1056 31.7702 15.2109 1
34.0949 14.7635 34.8698 15.2109 34.8698 16.1056 34.0949 16.553 33.32 16.1056 33.32 15.2109 1
35.6446 14.7635 36.4195 15.2109 36.4195 16.1056 35.6446 16.553 34.8698 16.1056 34.8698 15.2109 0
0 14.7635 0.774883 15.2109 0.774883 16.1056 0 16.553 36.4195 16.1056 36.4195 15.2109 0
0.774883 16.1056 1.54977 16.553 1.54977 17.4478 0.774883 17.8952 0 17.4478 0 16.553 0
2.32465 16.1056 3.09953 16.553 3.09953 17.4478 2.32465 17.8952 1.54977 17.4478 1.54977 16.553 0
3.87442 16.1056 4.6493 16.553 4.6493 17.4478 3.87442 17.8952 3.09953 17.4478 3.09953 16.553 0
5.42418 16.1056 6.19907 16.553 6.19907 17.4478 5.42418 17.8952 4.6493 17.4478 4.6493 16.553 0
6.97395 16.1056 7.74883 16.553 7.74883 17.4478 6.97395 17.8952 6.19907 17.4478 6.19907 16.553 1
8.52372 16.1056 9.2986 16.553 9.2986 17.4478 8.52372 17.8952 7.74883 17.4478 7.74883 16.553 1
10.0735 16.1056 10.8484 16.553 10.8484 17.4478 10.0735 17.8952 9.2986 17.4478 9.2986 16.553 1
11.6233 16.1056 12.3981 16.553 12.3981 17.4478 11.6233 17.8952 10.8484 17.4478 10.8484 16.553 0
13.173 16.1056 13.9479 16.553 13.9479 17.4478 13.173 17.8952 12.3981 17.4478 12.3981 16.553 0
14.7228 16.1056 15.4977 16.553 15.4977 17.4478 14.7228 17.8952 13.9479 17.4478 13.9479 16.553 1
16.2726 16.1056 17.0474 16.553 17.0474 17.4478 16.2726 17.8952 15.4977 17.4478 15.4977 16.553 0
17.8223 16.1056 18.5972 16.553 18.5972 17.4478 17.8223 17.8952 17.0474 17.4478 17.0474 16.553 0
19.3721 16.1056 20.147 16.553 20.147 17.4478 19.3721 17.8952 18.5972 17.4478 18.5972 16.553 1
20.9219 16.1056 21.6967 16.553 21.6967 17.4478 20.9219 17.8952 20.147 17.4478 20.147 16.553 1
22.4716 16.1056 23.2465 16.553 23.2465 17.4478 22.4716 17.8952 21.6967 17.4478 21.6967 16.553 1
24.0214 16.1056 24.7963 16.553 24.7963 17.4478 24.0214 17.8952 23.2465 17.4478 23.2465 16.553 0
25.5712 16.1056 26.346 16.553 26.346 17.4478 25.5712 17.8952 24.7963 17.4478 24.7963 16.553 0
27.1209 16.1056 27.8958 16.553 27.8958 17.4478 27.1209 17.8952 26.346 17.4478 26.346 16.553 0
28.6707 16.1056 29.4456 16.553 29.4456 17.4478 28.6707 17.8952 27.8958 17.4478 27.8958 16.553 0
30.2205 16.1056 30.9953 16.553 30.9953 17.4478 30.2205 17.8952 29.4456 17.4478 29.4456 16.553 0
31.7702 16.1056 32.5451 16.553 32.5451 17.4478 31.7702 17.8952 30.9953 17.4478 30.9953 16.553 1
33.32 16.1056 34.0949 16.553 34.0949 17.4478 33.32 17.8952 32.5451 17.4478 32.5451 16.553 0
34.8698 16.1056 35.6446 16.553 35.6446 17.4478 34.8698 17.8952 34.0949 17.4478 34.0949 16.553 0
36.4195 16.1056 0 16.553 0 17.4478 36.4195 17.8952 35.6446 17.4478 35.6446 16.553 1
1.54977 17.4478 2.32465 17.8952 2.32465 18.7899 1.54977 19.2373 0.774883 18.7899 0.774883 17.8952 0
3.09953 17.4478 3.87442 17.8952 3.87442 18.7899 3.09953 19.2373 2.32465 18.7899 2.32465 17.8952 1
4.6493 17.4478 5.42418 17.8952 5.42418 18.7899 4.6493 19.2373 3.87442 18.7899 3.87442 17.8952 1
6.19907 17.4478 6.97395 17.8952 6.97395 18.7899 6.19907 19.2373 5.42418 18.7899 5.42418 17.8952 1
7.74883 17.4478 8.52372 17.8952 8.52372 18.7899 7.74883 19.2373 6.97395 18.7899 6.97395 17.8952 0
9.2986 17.4478 10.0735 17.8952 10.0735 18.7899 9.2986 19.2373 8.52372 18.7899 8.52372 17.8952 1
10.8484 17.4478 11.6233 17.8952 11.6233 18.7899 10.8484 19.2373 10.0735 18.7899 10.0735 17.8952 1
12.3981 17.4478 13.173 17.8952 13.173 18.7899 12.3981 19.2373 11.6233 18.7899 11.6233 17.8952 0
13.9479 17.4478 14.7228 17.8952 14.7228 18.7899 13.9479 19.2373 13.173 18.7899 13.173 17.8952 1
15.4977 17.4478 16.2726 17.8952 16.2726 18.7899 15.4977 19.2373 14.7228 18.7899 14.7228 17.8952 0
17.0474 17.4478 17.8223 17.8952 17.8223 18.7899 17.0474 19.2373 16.2726 18.7899 16.2726 17.8952 1
18.5972 17.4478 19.3721 17.8952 19.3721 18.7899 18.5972 19.2373 17.8223 18.7899 17.8223 17.8952 1
20.147 17.4478 20.9219 17.8952 20.9219 18.7899 20.147 19.2373 19.3721 18.7899 19.3721 17.8952 0
21.6967 17.4478 22.4716 17.8952 22.4716 18.7899 21.6967 19.2373 20.9219 18.7899 20.9219 17.8952 0
23.2465 17.4478 24.0214 17.8952 24.0214 18.7899 23.2465 19.2373 22.4716 18.7899 22.4716 17.8952 1
24.7963 17.4478 25.5712 17.8952 25.5712 18.7899 24.7963 19.2373 24.0214 18.7899 24.0214 17.8952 0
26.346 17.4478 27.1209 17.8952 27.1209 18.7899 26.346 19.2373 25.5712 18.7899 25.5712 17.8952 0
27.8958 17.4478 28.6707 17.8952 28.6707 18.7899 27.8958 19.2373 27.1209 18.7899 27.1209 17.8952 1
29.4456 17.4478 30.2205 17.8952 30.2205 18.7899 29.4456 19.2373 28.6707 18.7899 28.6707 17.8952 1
30.9953 17.4478 31.7702 17.8952 31.7702 18.7899 30.9953 19.2373 30.2205 18.7899 30.2205 17.8952 0
32.5451 17.4478 33.32 17.8952 33.32 18.7899 32.5451 19.2373 31.7702 18.7899 31.7702 17.8952 1
34.0949 17.4478 34.8698 17.8952 34.8698 18.7899 34.0949 19.2373 33.32 18.7899 33.32 17.8952 0
35.6446 17.4478 36.4195 17.8952 36.4195 18.7899 35.6446 19.2373 34.8698 18.7899 34.8698 17.8952 0
0 17.4478 0.774883 17.8952 0.774883 18.7899 0 19.2373 36.4195 18.7899 36.4195 17.8952 1
0.774883 18.7899 1.54977 19.2373 1.54977 20.1321 0.774883 20.5794 0 20.1321 0 19.2373 1
2.32465 18.7899 3.09953 19.2373 3.09953 20.1321 2.32465 20.5794 1.54977 20.1321 1.54977 19.2373 1
3.87442 18.7899 4.6493 19.2373 4.6493 20.1321 3.87442 20.5794 3.09953 20.1321 3.09953 19.2373 0
5.42418 18.7899 6.19907 19.2373 6.19907 20.1321 5.42418 20.5794 4.6493 20.1321 4.6493 19.2373 1
6.97395 18.7899 7.74883 19.2373 7.74883 20.1321 6.97395 20.5794 6.19907 20.1321 6.19907 19.2373 0
8.52372 18.7899 9.2986 19.2373 9.2986 20.1321 8.52372 20.5794 7.74883 20.1321 7.74883 19.2373 1
10.0735 18.7899 10.8484 19.2373 10.8484 20.1321 10.0735 20.5794 9.2986 20.1321 9.2986 19.2373 1
11.6233 18.7899 12.3981 19.2373 12.3981 20.1321 11.6233 20.5794 10.8484 20.1321 10.8484 19.2373 1
13.173 18.7899 13.9479 19.2373 13.9479 20.1321 13.173 20.5794 12.3981 20.1321 12.3981 19.2373 0
14.7228 18.7899 15.4977 19.2373 15.4977 20.1321 14.7228 20.5794 13.9479 20.1321 13.9479 19.2373 1
16.2726 18.7899 17.0474 19.2373 17.0474 20.1321 16.2726 20.5794 15.4977 20.1321 15.4977 19.2373 1
17.8223 18.7899 18.5972 19.2373 18.5972 20.1321 17.8223 20.5794 17.0474 20.1321 17.0474 19.2373 1
19.3721 18.7899 20.147 19.2373 20.147 20.1321 19.3721 20.5794 18.5972 20.1321 18.5972 19.2373 1
20.9219 18.7899 21.6967 19.2373 21.6967 20.1321 20.9219 20.5794 20.147 20.1321 20.147 19.2373 0
22.4716 18.7899 23.2465 19.2373 23.2465 20.1321 22.4716 20.5794 21.6967 20.1321 21.6967 19.2373 0
24.0214 18.7899 24.7963 19.2373 24.7963 20.1321 24.0214 20.5794 23.2465 20.1321 23.2465 19.2373 0
25.5712 18.7899 26.346 19.2373 26.346 20.1321 25.5712 20.5794 24.7963 20.1321 24.7963 19.2373 1
27.1209 18.7899 27.8958 19.2373 27.8958 20.1321 27.1209 20.5794 26.346 20.1321 26.346 19.2373 1
28.6707 18.7899 29.4456 19.2373 29.4456 20.1321 28.6707 20.5794 27.8958 20.1321 27.8958 19.2373 0
30.2205 18.7899 30.9953 19.2373 30.9953 20.1321 30.2205 20.5794 29.4456 20.1321 29.4456 19.2373 0
31.7702 18.7899 32.5451 19.2373 32.5451 20.1321 31.7702 20.5794 30.9953 20.1321 30.9953 19.2373 0
33.32 18.7899 34.0949 19.2373 34.0949 20.1321 33.32 20.5794 32.5451 20.1321 32.5451 19.2373 0
34.8698 18.7899 35.6446 19.2373 35.6446 20.1321 34.8698 20.5794 34.0949 20.1321 34.0949 19.2373 0
36.4195 18.7899 0 19.2373 0 20.1321 36.4195 20.5794 35.6446 20.1321 35.6446 19.2373 1
1.54977 20.1321 2.32465 20.5794 2.32465 21.4742 1.54977 21.9216 0.774883 21.4742 0.774883 20.5794 0
3.09953 20.1321 3.87442 20.5794 3.87442 21.4742 3.09953 21.9216 2.32465 21.4742 2.32465 20.5794 1
4.6493 20.1321 5.42418 20.5794 5.42418 21.4742 4.6493 21.9216 3.87442 21.4742 3.87442 20.5794 0
6.19907 20.1321 6.97395 20.5794 6.97395 21.4742 6.19907 21.9216 5.42418 21.4742 5.42418 20.5794 1
7.74883 20.1321 8.52372 20.5794 8.52372 21.4742 7.74883 21.9216 6.97395 21.4742 6.97395 20.5794 0
9.2986 20.1321 10.0735 20.5794 10.0735 21.4742 9.2986 21.9216 8.52372 21.4742 8.52372 20.5794 1
10.8484 20.1321 11.6233 20.5794 11.6233 21.4742 10.8484 21.9216 10.0735 21.4742 10.0735 20.5794 0
12.3981 20.1321 13.173 20.5794 13.173 21.4742 12.3981 21.9216 11.6233 21.4742 11.6233 20.5794 0
13.9479 20.1321 14.7228 20.5794 14.7228 21.4742 13.9479 21.9216 13.173 21.4742 13.173 20.5794 1
15.4977 20.1321 16.2726 20.5794 16.2726 21.4742 15.4977 21.9216 14.7228 21.4742 14.7228 20.5794 0
17.0474 20.1321 17.8223 20.5794 17.8223 21.4742 17.0474 21.9216 16.2726 21.4742 16.2726 20.5794 1
18.5972 20.1321 19.3721 20.5794 19.3721 21.4742 18.5972 21.9216 17.8223 21.4742 17.8223 20.5794 1
20.147 20.1321 20.9219 20.5794 20.9219 21.4742 20.147 21.9216 19.3721 21.4742 19.3721 20.5794 0
21.6967 20.1321 22.4716 20.5794 22.4716 21.4742 21.6967 21.9216 20.9219 21.4742 20.9219 20.5794 1
23.2465 20.1321 24.0214 20.5794 24.0214 21.4742 23.2465 21.9216 22.4716 21.4742 22.4716 20.5794 1
24.7963 20.1321 25.5712 20.5794 25.5712 21.4742 24.7963 21.9216 24.0214 21.4742 24.0214 20.5794 0
26.346 20.1321 27.1209 20.5794 27.1209 21.4742 26.346 21.9216 25.5712 21.4742 25.5712 20.5794 0
27.8958 20.1321 28.6707 20.5794 28.6707 21.4742 27.8958 21.9216 27.1209 21.4742 27.1209 20.5794 1
29.4456 20.1321 30.2205 20.5794 30.2205 21.4742 29.4456 21.9216 28.6707 21.4742 28.6707 20.5794 1
30.9953 20.1321 31.7702 20.5794 31.7702 21.4742 30.9953 21.9216 30.2205 21.4742 30.2205 20.5794 1
32.5451 20.1321 33.32 20.5794 33.32 21.4742 32.5451 21.9216 31.7702 21.4742 31.7702 20.5794 1
34.0949 20.1321 34.8698 20.5794 34.8698 21.4742 34.0949 21.9216 33.32 21.4742 33.32 20.5794 0
35.6446 20.1321 36.4195 20.5794 36.4195 21.4742 35.6446 21.9216 34.8698 21.4742 34.8698 20.5794 1
0 20.1321 0.774883 20.5794 0.774883 21.4742 0 21.9216 36.4195 21.4742 36.4195 20.5794 0
0.774883 21.4742 1.54977 21.9216 1.54977 22.8163 0.774883 23.2637 0 22.8163 0 21.9216 0
2.32465 21.4742 3.09953 21.9216 3.09953 22.8163 2.32465 23.2637 1.54977 22.8163 1.54977 21.9216 1
3.87442 21.4742 4.6493 21.9216 4.6493 22.8163 3.87442 23.2637 3.09953 22.8163 3.09953 21.9216 1
5.42418 21.4742 6.19907 21.9216 6.19907 22.8163 5.42418 23.2637 4.6493 22.8163 4.6493 21.9216 0
6.97395 21.4742 7.74883 21.9216 7.74883 22.8163 6.97395 23.2637 6.19907 22.8163 6.19907 21.9216 1
8.52372 21.4742 9.2986 21.9216 9.2986 22.8163 8.52372 23.2637 7.74883 22.8163 7.74883 21.9216 0
10.0735 21.4742 10.8484 21.9216 10.8484 22.8163 10.0735 23.2637 9.2986 22.8163 9.2986 21.9216 1
11.6233 21.4742 12.3981 21.9216 12.3981 22.8163 11.6233 23.2637 10.8484 22.8163 10.8484 21.9216 0
13.173 21.4742 13.9479 21.9216 13.9479 22.8163 13.173 23.2637 12.3981 22.8163 12.3981 21.9216 1
14.7228 21.4742 15.4977 21.9216 15.4977 22.8163 14.7228 23.2637 13.9479 22.8163 13.9479 21.9216 0
16.2726 21.4742 17.0474 21.9216 17.0474 22.8163 16.2726 23.2637 15.4977 22.8163 15.4977 21.9216 0
17.8223 21.4742 18.5972 21.9216 18.5972 22.8163 17.8223 23.2637 17.0474 22.8163 17.0474 21.9216 1
19.3721 21.4742 20.147 21.9216 20.147 22.8163 19.3721 23.2637 18.5972 22.8163 18.5972 21.9216 0
20.9219 21.4742 21.6967 21.9216 21.6967 22.8163 20.9219 23.2637 20.147 22.8163 20.147 21.9216 1
22.4716 21.4742 23.2465 21.9216 23.2465 22.8163 22.4716 23.2637 21.6967 22.8163 21.6967 21.9216 0
24.0214 21.4742 24.7963 21.9216 24.7963 22.8163 24.0214 23.2637 23.2465 22.8163 23.2465 21.9216 1
25.5712 21.4742 26.346 21.9216 26.346 22.8163 25.5712 23.2637 24.7963 22.8163 24.7963 21.9216 0
27.1209 21.4742 27.8958 21.9216 27.8958 22.8163 27.1209 23.2637 26.346 22.8163 26.346 21.9216 0
28.6707 21.4742 29.4456 21.9216 29.4456 22.8163 28.6707 23.2637 27.8958 22.8163 27.8958 21.9216 0
30.2205 21.4742 30.9953 21.9216 30.9953 22.8163 30.2205 23.2637 29.4456 22.8163 29.4456 21.9216 1
31.7702 21.4742 32.5451 21.9216 32.5451 22.8163 31.7702 23.2637 30.9953 22.8163 30.9953 21.9216 1
33.32 21.4742 34.0949 21.9216 34.0949 22.8163 33.32 23.2637 32.5451 22.8163 32.5451 21.9216 1
34.8698 21.4742 35.6446 21.9216 35.6446 22.8163 34.8698 23.2637 34.0949 22.8163 34.0949 21.9216 1
36.4195 21.4742 0 21.9216 0 22.8163 36.4195 23.2637 35.6446 22.8163 35.6446 21.9216 1
1.54977 22.8163 2.32465 23.2637 2.32465 24.1585 1.54977 24.6059 0.774883 24.1585 0.774883 23.2637 0
3.09953 22.8163 3.87442 23.2637 3.87442 24.1585 3.09953 24.6059 2.32465 24.1585 2.32465 23.2637 1
4.6493 22.8163 5.42418 23.2637 5.42418 24.1585 4.6493 24.6059 3.87442 24.1585 3.87442 23.2637 0
6.19907 22.8163 6.97395 23.2637 6.97395 24.1585 6.19907 24.6059 5.42418 24.1585 5.42418 23.2637 0
7.74883 22.8163 8.52372 23.2637 8.52372 24.1585 7.74883 24.6059 6.97395 24.1585 6.97395 23.2637 1
9.2986 22.8163 10.0735 23.2637 10.0735 24.1585 9.2986 24.6059 8.52372 24.1585 8.52372 23.2637 1
10.8484 22.8163 11.6233 23.2637 11.6233 24.1585 10.8484 24.6059 10.0735 24.1585 10.0735 23.2637 1
12.3981 22.8163 13.173 23.2637 13.173 24.1585 12.3981 24.6059 11.6233 24.1585 11.6233 23.2637 1
13.9479 22.8163 14.7228 23.2637 14.7228 24.1585 13.9479 24.6059 13.173 24.1585 13.173 23.2637 1
15.4977 22.8163 16.2726 23.2637 16.2726 24.1585 15.4977 24.6059 14.7228 24.1585 14.7228 23.2637 1
17.0474 22.8163 17.8223 23.2637 17.8223 24.1585 17.0474 24.6059 16.2726 24.1585 16.2726 23.2637 1
18.5972 22.8163 19.3721 23.2637 19.3721 24.1585 18.5972 24.6059 17.8223 24.1585 17.8223 23.2637 1
20.147 22.8163 20.9219 23.2637 20.9219 24.1585 20.147 24.6059 19.3721 24.1585 19.3721 23.2637 0
21.6967 22.8163 22.4716 23.2637 22.4716 24.1585 21.6967 24.6059 20.9219 24.1585 20.9219 23.2637 0
23.2465 22.8163 24.0214 23.2637 24.0214 24.1585 23.2465 24.6059 22.4716 24.1585 22.4716 23.2637 1
24.7963 22.8163 25.5712 23.2637 25.5712 24.1585 24.7963 24.6059 24.0214 24.1585 24.0214 23.2637 0
26.346 22.8163 27.1209 23.2637 27.1209 24.1585 26.346 24.6059 25.5712 24.1585 25.5712 23.2637 1
27.8958 22.8163 28.6707 23.2637 28.6707 24.1585 27.8958 24.6059 27.1209 24.1585 27.1209 23.2637 1
29.4456 22.8163 30.2205 23.2637 30.2205 24.1585 29.4456 24.6059 28.6707 24.1585 28.6707 23.2637 0
30.9953 22.8163 31.7702 23.2637 31.7702 24.1585 30.9953 24.6059 30.2205 24.1585 30.2205 23.2637 0
32.5451 22.8163 33.32 23.2637 33.32 24.1585 32.5451 24.6059 31.7702 24.1585 31.7702 23.2637 0
34.0949 22.8163 34.8698 23.2637 34.8698 24.1585 34.0949 24.6059 33.32 24.1585 33.32 23.2637 1
35.6446 22.8163 36.4195 23.2637 36.4195 24.1585 35.6446 24.6059 34.8698 24.1585 34.8698 23.2637 0
0 22.8163 0.774883 23.2637 0.774883 24.1585 0 24.6059 36.4195 24.1585 36.4195 23.2637 1
0.774883 24.1585 1.54977 24.6059 1.54977 25.5006 0.774883 25.948 0 25.5006 0 24.6059 1
2.32465 24.1585 3.09953 24.6059 3.09953 25.5006 2.32465 25.948 1.54977 25.5006 1.54977 24.6059 0
3.87442 24.1585 4.6493 24.6059 4.6493 25.5006 3.87442 25.948 3.09953 25.5006 3.09953 24.6059 1
5.42418 24.1585 6.19907 24.6059 6.19907 25.5006 5.42418 25.948 4.6493 25.5006 4.6493 24.6059 1
6.97395 24.1585 7.74883 24.6059 7.74883 25.5006 6.97395 25.948 6.19907 25.5006 6.19907 24.6059 1
8.52372 24.1585 9.2986 24.6059 9.2986 25.5006 8.52372 25.948 7.74883 25.5006 7.74883 24.6059 0
10.0735 24.1585 10.8484 24.6059 10.8484 25.5006 10.0735 25.948 9.2986 25.5006 9.2986 24.6059 1
11.6233 24.1585 12.3981 24.6059 12.3981 25.5006 11.6233 25.948 10.8484 25.5006 10.8484 24.6059 0
13.173 24.1585 13.9479 24.6059 13.9479 25.5006 13.173 25.948 12.3981 25.5006 12.3981 24.6059 0
14.7228 24.1585 15.4977 24.6059 15.4977 25.5006 14.7228 25.948 13.9479 25.5006 13.9479 24.6059 0
16.2726 24.1585 17.0474 24.6059 17.0474 25.5006 16.2726 25.948 15.4977 25.5006 15.4977 24.6059 1
17.8223 24.1585 18.5972 24.6059 18.5972 25.5006 17.8223 25.948 17.0474 25.5006 17.0474 24.6059 1
19.3721 24.1585 20.147 24.6059 20.147 25.5006 19.3721 25.948 18.5972 25.5006 18.5972 24.6059 1
20.9219 24.1585 21.6967 24.6059 21.6967 25.5006 20.9219 25.948 20.147 25.5006 20.147 24.6059 0
22.4716 24.1585 23.2465 24.6059 23.2465 25.5006 22.4716 25.948 21.6967 25.5006 21.6967 24.6059 0
24.0214 24.1585 24.7963 24.6059 24.7963 25.5006 24.0214 25.948 23.2465 25.5006 23.2465 24.6059 1
25.5712 24.1585 26.346 24.6059 26.346 25.5006 25.5712 25.948 24.7963 25.5006 24.7963 24.6059 0
27.1209 24.1585 27.8958 24.6059 27.8958 25.5006 27.1209 25.948 26.346 25.5006 26.346 24.6059 1
28.6707 24.1585 29.4456 24.6059 29.4456 25.5006 28.6707 25.948 27.8958 25.5006 27.8958 24.6059 1
30.2205 24.1585 30.9953 24.6059 30.9953 25.5006 30.2205 25.948 29.4456 25.5006 29.4456 24.6059 1
31.7702 24.1585 32.5451 24.6059 32.5451 25.5006 31.7702 25.948 30.9953 25.5006 30.9953 24.6059 0
33.32 24.1585 34.0949 24.6059 34.0949 25.5006 33.32 25.948 32.5451 25.5006 32.5451 24.6059 0
34.8698 24.1585 35.6446 24.6059 35.6446 25.5006 34.8698 25.948 34.0949 25.5006 34.0949 24.6059 1
36.4195 24.1585 0 24.6059 0 25.5006 36.4195 25.948 35.6446 25.5006 35.6446 24.6059 1
1.54977 25.5006 2.32465 25.948 2.32465 26.8427 1.54977 27.2901 0.774883 26.8427 0.774883 25.948 1
3.09953 25.5006 3.87442 25.948 3.87442 26.8427 3.09953 27.2901 2.32465 26.8427 2.32465 25.948 0
4.6493 25.5006 5.42418 25.948 5.42418 26.8427 4.6493 27.2901 3.87442 26.8427 3.87442 25.948 1
6.19907 25.5006 6.97395 25.948 6.97395 26.8427 6.19907 27.2901 5.42418 26.8427 5.42418 25.948 1
7.74883 25.5006 8.52372 25.948 8.52372 26.8427 7.74883 27.2901 6.97395 26.8427 6.97395 25.948 1
9.2986 25.5006 10.0735 25.948 10.0735 26.8427 9.2986 27.2901 8.52372 26.8427 8.52372 25.948 1
10.8484 25.5006 11.6233 25.948 11.6233 26.8427 10.8484 27.2901 10.0735 26.8427 10.0735 25.948 0
12.3981 25.5006 13.173 25.948 13.173 26.8427 12.3981 27.2901 11.6233 26.8427 11.6233 25.948 0
13.9479 25.5006 14.7228 25.948 14.7228 26.8427 13.9479 27.2901 13.173 26.8427 13.173 25.948 0
15.4977 25.5006 16.2726 25.948 16.2726 26.8427 15.4977 27.2901 14.7228 26.8427 14.7228 25.948 1
17.0474 25.5006 17.8223 25.948 17.8223 26.8427 17.0474 27.2901 16.2726 26.8427 16.2726 25.948 0
18.5972 25.5006 19.3721 25.948 19.3721 26.8427 18.5972 27.2901 17.8223 26.8427 17.8223 25.948 0
20.147 25.5006 20.9219 25.948 20.9219 26.8427 20.147 27.2901 19.3721 26.8427 19.3721 25.948 0
21.6967 25.5006 22.4716 25.948 22.4716 26.8427 21.6967 27.2901 20.9219 26.8427 20.9219 25.948 0
23.2465 25.5006 24.0214 25.948 24.0214 26.8427 23.2465 27.2901 22.4716 26.8427 22.4716 25.948 1
24.7963 25.5006 25.5712 25.948 25.5712 26.8427 24.7963 27.2901 24.0214 26.8427 24.0214 25.948 1
26.346 25.5006 27.1209 25.948 27.1209 26.8427 26.346 27.2901 25.5712 26.8427 25.5712 25.948 1
27.8958 25.5006 28.6707 25.948 28.6707 26.8427 27.8958 27.2901 27.1209 26.8427 27.1209 25.948 0
29.4456 25.5006 30.2205 25.948 30.2205 26.8427 29.4456 27.2901 28.6707 26.8427 28.6707 25.948 1
30.9953 25.5006 31.7702 25.948 31.7702 26.8427 30.9953 27.2901 30.2205 26.8427 30.2205 25.948 0
32.5451 25.5006 33.32 25.948 33.32 26.8427 32.5451 27.2901 31.7702 26.8427 31.7702 25.948 0
34.0949 25.5006 34.8698 25.948 34.8698 26.8427 34.0949 27.2901 33.32 26.8427 33.32 25.948 0
35.6446 25.5006 36.4195 25.948 36.4195 26.8427 35.6446 27.2901 34.8698 26.8427 34.8698 25.948 0
0 25.5006 0.774883 25.948 0.774883 26.8427 0 27.2901 36.4195 26.8427 36.4195 25.948 0
0.774883 26.8427 1.54977 27.2901 1.54977 28.1849 0.774883 28.6323 0 28.1849 0 27.2901 1
2.32465 26.8427 3.09953 27.2901 3.09953 28.1849 2.32465 28.6323 1.54977 28.1849 1.54977 27.2901 0
3.87442 26.8427 4.6493 27.2901 4.6493 28.1849 3.87442 28.6323 3.09953 28.1849 3.09953 27.2901 0
5.42418 26.8427 6.19907 27.2901 6.19907 28.1849 5.42418 28.6323 4.6493 28.1849 4.6493 27.2901 0
6.97395 26.8427 7.74883 27.2901 7.74883 28.1849 6.97395 28.6323 6.19907 28.1849 6.19907 27.2901 0
8.52372 26.8427 9.2986 27.2901 9.2986 28.1849 8.52372 28.6323 7.74883 28.1849 7.74883 27.2901 1
10.0735 26.8427 10.8484 27.2901 10.8484 28.1849 10.0735 28.6323 9.2986 28.1849 9.2986 27.2901 1
11.6233 26.8427 12.3981 27.2901 12.3981 28.1849 11.6233 28.6323 10.8484 28.1849 10.8484 27.2901 1
13.173 26.8427 13.9479 27.2901 13.9479 28.1849 13.173 28.6323 12.3981 28.1849 12.3981 27.2901 1
14.7228 26.8427 15.4977 27.2901 15.4977 28.1849 14.7228 28.6323 13.9479 28.1849 13.9479 27.2901 1
16.2726 26.8427 17.0474 27.2901 17.0474 28.1849 16.2726 28.6323 15.4977 28.1849 15.4977 27.2901 0
17.8223 26.8427 18.5972 27.2901 18.5972 28.1849 17.8223 28.6323 17.0474 28.1849 17.0474 27.2901 1
19.3721 26.8427 20.147 27.2901 20.147 28.1849 19.3721 28.6323 18.5972 28.1849 18.5972 27.2901 0
20.9219 26.8427 21.6967 27.2901 21.6967 28.1849 20.9219 28.6323 20.147 28.1849 20.147 27.2901 1
22.4716 26.8427 23.2465 27.2901 23.2465 28.1849 22.4716 28.6323 21.6967 28.1849 21.6967 27.2901 0
24.0214 26.8427 24.7963 27.2901 24.7963 28.1849 24.0214 28.6323 23.2465 28.1849 23.2465 27.2901 0
25.5712 26.8427 26.346 27.2901 26.346 28.1849 25.5712 28.6323 24.7963 28.1849 24.7963 27.2901 0
27.1209 26.8427 27.8958 27.2901 27.8958 28.1849 27.1209 28.6323 26.346 28.1849 26.346 27.2901 0
28.6707 26.8427 29.4456 27.2901 29.4456 28.1849 28.6707 28.6323 27.8958 28.1849 27.8958 27.2901 1
30.2205 26.8427 30.9953 27.2901 30.9953 28.1849 30.2205 28.6323 29.4456 28.1849 29.4456 27.2901 1
31.7702 26.8427 32.5451 27.2901 32.5451 28.1849 31.7702 28.6323 30.9953 28.1849 30.9953 27.2901 0
33.32 26.8427 34.0949 27.2901 34.0949 28.1849 33.32 28.6323 32.5451 28.1849 32.5451 27.2901 0
34.8698 26.8427 35.6446 27.2901 35.6446 28.1849 34.8698 28.6323 34.0949 28.1849 34.0949 27.2901 0
36.4195 26.8427 0 27.2901 0 28.1849 36.4195 28.6323 35.6446 28.1849 35.6446 27.2901 1
1.54977 28.1849 2.32465 28.6323 2.32465 29.527 1.54977 29.9744 0.774883 29.527 0.774883 28.6323 0
3.09953 28.1849 3.87442 28.6323 3.87442 29.527 3.09953 29.9744 2.32465 29.527 2.32465 28.6323 0
4.6493 28.1849 5.42418 28.6323 5.42418 29.527 4.6493 29.9744 3.87442 29.527 3.87442 28.6323 0
6.19907 28.1849 6.97395 28.6323 6.97395 29.527 6.19907 29.9744 5.42418 29.527 5.42418 28.6323 1
7.74883 28.1849 8.52372 28.6323 8.52372 29.527 7.74883 29.9744 6.97395 29.527 6.97395 28.6323 1
9.2986 28.1849 10.0735 28.6323 10.0735 29.527 9.2986 29.9744 8.52372 29.527 8.52372 28.6323 0
10.8484 28.1849 11.6233 28.6323 11.6233 29.527 10.8484 29.9744 10.0735 29.527 10.0735 28.6323 1
12.3981 28.1849 13.173 28.6323 13.173 29.527 12.3981 29.9744 11.6233 29.527 11.6233 28.6323 0
13.9479 28.1849 14.7228 28.6323 14.7228 29.527 13.9479 29.9744 13.173 29.527 13.173 28.6323 0
15.4977 28.1849 16.2726 28.6323 16.2726 29.527 15.4977 29.9744 14.7228 29.527 14.7228 28.6323 1
17.0474 28.1849 17.8223 28.6323 17.8223 29.527 17.0474 29.9744 16.2726 29.527 16.2726 28.6323 0
18.5972 28.1849 19.3721 28.6323 19.3721 29.527 18.5972 29.9744 17.8223 29.527 17.8223 28.6323 1
20.147 28.1849 20.9219 28.6323 20.9219 29.527 20.147 29.9744 19.3721 29.527 19.3721 28.6323 0
21.6967 28.1849 22.4716 28.6323 22.4716 29.527 21.6967 29.9744 20.9219 29.527 20.9219 28.6323 1
23.2465 28.1849 24.0214 28.6323 24.0214 29.527 23.2465 29.9744 22.4716 29.527 22.4716 28.6323 0
24.7963 28.1849 25.5712 28.6323 25.5712 29.527 24.7963 29.9744 24.0214 29.527 24.0214 28.6323 1
26.346 28.1849 27.1209 28.6323 27.1209 29.527 26.346 29.9744 25.5712 29.527 25.5712 28.6323 1
27.8958 28.1849 28.6707 28.6323 28.6707 29.527 27.8958 29.9744 27.1209 29.527 27.1209 28.6323 0
29.4456 28.1849 30.2205 28.6323 30.2205 29.527 29.4456 29.9744 28.6707 29.527 28.6707 28.6323 0
30.9953 28.1849 31.7702 28.6323 31.7702 29.527 30.9953 29.9744 30.2205 29.527 30.2205 28.6323 1
32.5451 28.1849 33.32 28.6323 33.32 29.527 32.5451 29.9744 31.7702 29.527 31.7702 28.6323 0
34.0949 28.1849 34.8698 28.6323 34.8698 29.527 34.0949 29.9744 33.32 29.527 33.32 28.6323 0
35.6446 28.1849 36.4195 28.6323 36.4195 29.527 35.6446 29.9744 34.8698 29.527 34.8698 28.6323 0
0 28.1849 0.774883 28.6323 0.774883 29.527 0 29.9744 36.4195 29.527 36.4195 28.6323 1
0.774883 29.527 1.54977 29.9744 1.54977 30.8692 0.774883 31.3165 0 30.8692 0 29.9744 1
2.32465 29.527 3.09953 29.9744 3.09953 30.8692 2.32465 31.3165 1.54977 30.8692 1.54977 29.9744 1
3.87442 29.527 4.6493 29.9744 4.6493 30.8692 3.87442 31.3165 3.09953 30.8692 3.09953 29.9744 1
5.42418 29.527 6.19907 29.9744 6.19907 30.8692 5.42418 31.3165 4.6493 30.8692 4.6493 29.9744 1
6.97395 29.527 7.74883 29.9744 7.74883 30.8692 6.97395 31.3165 6.19907 30.8692 6.19907 29.9744 0
8.52372 29.527 9.2986 29.9744 9.2986 30.8692 8.52372 31.3165 7.74883 30.8692 7.74883 29.9744 1
10.0735 29.527 10.8484 29.9744 10.8484 30.8692 10.0735 31.3165 9.2986 30.8692 9.2986 29.9744 1
11.6233 29.527 12.3981 29.9744 12.3981 30.8692 11.6233 31.3165 10.8484 30.8692 10.8484 29.9744 1
13.173 29.527 13.9479 29.9744 13.9479 30.8692 13.173 31.3165 12.3981 30.8692 12.3981 29.9744 0
14.7228 29.527 15.4977 29.9744 15.4977 30.8692 14.7228 31.3165 13.9479 30.8692 13.9479 29.9744 1
16.2726 29.527 17.0474 29.9744 17.0474 30.8692 16.2726 31.3165 15.4977 30.8692 15.4977 29.9744 1
17.8223 29.527 18.5972 29.9744 18.5972 30.8692 17.8223 31.3165 17.0474 30.8692 17.0474 29.9744 0
19.3721 29.527 20.147 29.9744 20.147 30.8692 19.3721 31.3165 18.5972 30.8692 18.5972 29.9744 1
20.9219 29.527 21.6967 29.9744 21.6967 30.8692 20.9219 31.3165 20.147 30.8692 20.147 29.9744 0
22.4716 29.527 23.2465 29.9744 23.2465 30.8692 22.4716 31.3165 21.6967 30.8692 21.6967 29.9744 1
24.0214 29.527 24.7963 29.9744 24.7963 30.8692 24.0214 31.3165 23.2465 30.8692 23.2465 29.9744 0
25.5712 29.527 26.346 29.9744 26.346 30.8692 25.5712 31.3165 24.7963 30.8692 24.7963 29.9744 0
27.1209 29.527 27.8958 29.9744 27.8958 30.8692 27.1209 31.3165 26.346 30.8692 26.346 29.9744 0
28.6707 29.527 29.4456 29.9744 29.4456 30.8692 28.6707 31.3165 27.8958 30.8692 27.8958 29.9744 0
30.2205 29.527 30.9953 29.9744 30.9953 30.8692 30.2205 31.3165 29.4456 30.8692 29.4456 29.9744 0
31.7702 29.527 32.5451 29.9744 32.5451 30.8692 31.7702 31.3165 30.9953 30.8692 30.9953 29.9744 1
33.32 29.527 34.0949 29.9744 34.0949 30.8692 33.32 31.3165 32.5451 30.8692 32.5451 29.9744 1
34.8698 29.527 35.6446 29.9744 35.6446 30.8692 34.8698 31.3165 34.0949 30.8692 34.0949 29.9744 1
36.4195 29.527 0 29.9744 0 30.8692 36.4195 31.3165 35.6446 30.8692 35.6446 29.9744 0
1.54977 30.8692 2.32465 31.3165 2.32465 0 1.54977 0.447379 0.774883 0 0.774883 31.3165 0
3.09953 30.8692 3.87442 31.3165 3.87442 0 3.09953 0.447379 2.32465 0 2.32465 31.3165 0
4.6493 30.8692 5.42418 31.3165 5.42418 0 4.6493 0.447379 3.87442 0 3.87442 31.3165 1
6.19907 30.8692 6.97395 31.3165 6.97395 0 6.19907 0.447379 5.42418 0 5.42418 31.3165 1
7.74883 30.8692 8.52372 31.3165 8.52372 0 7.74883 0.447379 6.97395 0 6.97395 31.3165 0
9.2986 30.8692 10.0735 31.3165 10.0735 0 9.2986 0.447379 8.52372 0 8.52372 31.3165 1
10.8484 30.8692 11.6233 31.3165 11.6233 0 10.8484 0.447379 10.0735 0 10.0735 31.3165 0
12.3981 30.8692 13.173 31.3165 13.173 0 12.3981 0.447379 11.6233 0 11.6233 31.3165 0
13.9479 30.8692 14.7228 31.3165 14.7228 0 13.9479 0.447379 13.173 0 13.173 31.3165 0
15.4977 30.8692 16.2726 31.3165 16.2726 0 15.4977 0.447379 14.7228 0 14.7228 31.3165 0
17.0474 30.8692 17.8223 31.3165 17.8223 0 17.0474 0.447379 16.2726 0 16.2726 31.3165 1
18.5972 30.8692 19.3721 31.3165 19.3721 0 18.5972 0.447379 17.8223 0 17.8223 31.3165 1
20.147 30.8692 20.9219 31.3165 20.9219 0 20.147 0.447379 19.3721 0 19.3721 31.3165 0
21.6967 30.8692 22.4716 31.3165 22.4716 0 21.6967 0.447379 20.9219 0 20.9219 31.3165 0
23.2465 30.8692 24.0214 31.3165 24.0214 0 23.2465 0.447379 22.4716 0 22.4716 31.3165 0
24.7963 30.8692 25.5712 31.3165 25.5712 0 24.7963 0.447379 24.0214 0 24.0214 31.3165 1
26.346 30.8692 27.1209 31.3165 27.1209 0 26.346 0.447379 25.5712 0 25.5712 31.3165 1
27.8958 30.8692 28.6707 31.3165 28.6707 0 27.8958 0.447379 27.1209 0 27.1209 31.3165 0
29.4456 30.8692 30.2205 31.3165 30.2205 0 29.4456 0.447379 28.6707 0 28.6707 31.3165 1
30.9953 30.8692 31.7702 31.3165 31.7702 0 30.9953 0.447379 30.2205 0 30.2205 31.3165 0
32.5451 30.8692 33.32 31.3165 33.32 0 32.5451 0.447379 31.7702 0 31.7702 31.3165 1
34.0949 30.8692 34.8698 31.3165 34.8698 0 34.0949 0.447379 33.32 0 33.32 31.3165 0
35.6446 30.8692 36.4195 31.3165 36.4195 0 35.6446 0.447379 34.8698 0 34.8698 31.3165 0
0 30.8692 0.774883 31.3165 0.774883 0 0 0.447379 36.4195 0 36.4195 31.3165 0
