0	0	
1.00648	0	
2.02775	4	22.7012	24.0327	35.1148	0.49982	24.4031	24.2463	13.4713	15.5767	
3.04545	12	20.754	8.40312	34.5183	14.152	6.841	18.6219	11.7041	18.3213	36.5974	12.1414	13.8262	17.4821	18.543	13.3466	33.9439	31.3235	36.4319	14.0413	22.5698	13.5845	33.4745	1.84669	35.943	25.3812	
4.02055	9	26.8088	18.7315	19.0573	25.1341	1.08958	27.4958	9.26097	13.6282	25.7229	25.2797	0.559933	10.9055	16.6994	23.3401	36.9061	0.0528531	29.7421	20.6405	
5.04005	5	0.611888	15.6018	10.8822	21.8123	1.4368	29.9723	20.5819	17.6298	27.778	6.53674	
6.00009	9	23.3792	10.2354	12.6394	21.3028	29.0989	6.03038	18.0596	19.6107	11.1716	22.6531	15.5285	2.14044	30.2866	12.6437	13.5439	31.6632	36.0839	13.693	
7.03013	6	16.8788	16.4971	33.9459	7.56761	17.6872	18.3171	11.5078	8.24852	24.1948	7.58824	14.1594	15.2725	
8.03124	6	10.9487	21.2183	30.7811	15.8633	36.6095	0.222708	33.8983	26.8168	1.00673	9.35786	36.9858	14.4504	
9.0069	2	5.22039	13.5544	21.1926	9.00783	
10.0296	9	13.556	20.3551	23.4047	2.35206	27.2396	26.9717	14.5013	16.992	16.335	19.8125	31.9667	14.9966	13.9812	15.2	25.1867	1.62516	33.3099	15.1747	
11.0048	8	15.4536	19.7524	11.476	22.3635	28.9668	17.8147	34.5621	31.7724	16.2143	30.9473	1.45283	4.89847	1.79844	20.6566	25.7071	26.6688	
12.0218	9	11.3841	22.1865	16.8705	8.13293	14.8038	1.10559	28.8606	7.26137	29.0806	28.9843	16.4487	31.0361	5.18969	11.7629	33.0907	9.20516	8.93787	8.51447	
13.015	4	19.4372	9.18169	19.6954	31.0225	34.1178	30.0821	14.9623	29.3756	
14.0351	4	10.6139	8.70703	32.4459	28.9791	4.10771	25.1546	17.0603	2.52526	
15.0105	13	35.714	10.2716	14.6502	18.235	17.868	29.5604	16.7566	7.56131	18.3004	31.6261	28.589	21.6785	28.8689	23.6858	30.6355	27.5111	18.8789	13.6435	5.86884	15.2192	34.8291	32.0404	18.3839	28.0839	16.5153	5.29334	
16.0182	11	35.2648	4.09535	3.95813	24.3575	22.5424	3.21606	15.1419	12.0421	28.417	6.56655	2.34845	18.9958	0.84918	1.7813	29.7364	4.79525	5.11285	13.5318	35.282	4.13463	9.08456	19.5418	
17.0005	7	35.2993	15.8417	13.8957	14.8075	15.8421	23.7778	21.7349	5.83519	-0.00143985	18.165	14.2081	20.0274	32.9963	11.0974	
18.0284	7	16.5714	8.3814	35.1243	15.6215	31.1793	13.1379	12.8193	17.9247	21.9222	6.04667	12.8125	17.8094	18.1735	4.68711	
19.04	12	12.7512	17.8959	12.9209	11.1213	23.8954	7.4162	1.80223	7.85004	13.8855	15.8146	0.247296	31.2944	16.0378	25.2433	3.78095	23.459	12.9685	20.6596	2.66379	8.8278	23.6577	2.37454	11.5414	21.2523	
20.0303	18	0.127912	9.73064	24.4019	14.7315	18.0957	19.7477	2.2762	19.7206	30.2936	15.3257	16.9573	8.76853	19.5829	17.3088	0.277242	6.4981	18.2287	29.6457	11.4612	4.13017	30.8262	1.75537	11.6121	17.7265	2.22042	21.5162	1.52646	29.8718	35.972	10.2408	33.6757	13.0781	29.3824	18.2427	11.5362	20.8684	
21.0173	24	17.8539	17.636	33.7124	13.034	22.2904	15.8568	17.5555	20.5278	29.3395	18.2831	6.26981	13.4565	6.35886	15.9535	24.9157	11.8142	26.142	3.02416	11.5612	19.6557	3.66108	22.8134	22.3144	15.7516	23.2163	12.3277	0.90531	5.04818	5.18522	11.5259	34.4633	13.9019	31.8791	17.2039	4.30127	23.641	23.1125	12.3917	20.7611	12.4613	16.548	3.21364	12.983	30.0339	19.6028	29.7901	23.6645	21.0339	
22.0205	12	25.2608	5.59926	27.8137	0.172298	16.139	21.8074	3.70821	19.6409	0.654849	7.01106	34.1983	12.9333	0.948356	16.0959	24.5935	12.0575	31.0942	20.002	36.7898	12.7602	36.6584	13.9418	15.916	4.6754	
23.0086	5	15.1358	26.6999	14.4125	3.8858	37.0012	4.03301	24.7613	18.0104	36.4405	5.86525	
24.0199	14	34.7495	13.2132	34.9988	4.93035	37.0257	31.495	22.8201	18.32	11.627	17.367	35.5728	6.54721	32.4866	9.9458	21.1663	17.513	28.5569	21.754	4.46454	22.856	37.034	2.85878	30.9141	14.0561	2.66321	0.713052	7.81639	1.28251	
25.0197	13	2.67621	0.769114	32.3938	9.99627	33.4424	14.4596	18.5057	14.1974	34.4385	4.87309	7.13387	18.8536	33.4381	4.46359	20.3015	25.1298	11.7182	11.8742	0.683398	0.497864	19.7867	16.9905	3.76046	2.1876	7.58563	21.0538	
26.0269	7	13.6044	17.2673	36.2738	13.6946	2.43236	11.0075	2.12986	24.1659	2.46624	4.10001	9.80887	21.8544	14.894	17.9214	
27.0259	8	18.0321	12.6061	12.0965	5.99579	34.5223	10.4023	20.4936	13.5956	24.472	5.63033	18.0094	21.9713	27.5268	19.1273	0.517852	11.6658	
28.0269	1	32.4403	12.1459	
29.0165	4	37.0645	3.51138	18.1978	0.844527	36.1527	21.4154	0.364867	2.6768	
30.0289	1	17.3179	10.751	
31.0327	0	
32.042	1	11.3559	19.3814	
33.035	0	
34.0187	0	
35.02	0	
36.0424	0	
37.042	0	
38.0132	0	
39.0001	0	
40.0499	0	
41.0176	2	20.8823	11.6634	34.5636	19.7388	
42.0434	1	10.5661	20.0314	
43.0434	0	
44.0434	0	
45.0434	0	
46.0434	0	
47.0434	0	
48.0434	0	
49.0434	0	
50.0354	0	
51.0153	0	
52.0425	1	0.833126	8.43219	
53.0334	1	34.6991	9.74381	
54.003	0	
55.0009	0	
56.0038	2	22.4089	8.55383	1.83195	18.4738	
57.0367	2	22.6671	18.1019	15.0274	9.23443	
58.0003	0	
59.049	0	
60.0382	0	
61.0239	0	
62.0153	0	
63.0486	0	
64.0419	0	
65.0291	0	
66.0332	1	32.6488	30.5904	
67.0072	0	
68.0093	2	21.1191	9.18098	17.3653	6.52101	
69.0078	1	25.8891	19.9949	
70.0212	0	
71.0257	0	
72.0467	0	
73.0084	0	
74.0435	0	
